21 58 138 167 57 39 11 133 192 35 115 174 178 145 79 18 185 53 187 153 33 67 10 183 169 7 127 122 120 191 22 175 85 112 148 89 90 172 48 107 51 106 1 177 113 151 24 141 88 2 163 104 61 162 91 132 179 73 164 118 114 50 125 9 81 94 139 117 166 147 66 190 188 8 34 186 197 194 193
32 158 141 98 192 189 118 85 83 40 15 25 30 95 1 94 136 154 191 170 145 50 177 168 48 111 187 23 65 29 13 113 103 194 96 129 79 100 45 22 200 60 184 127 185 24 110 132 38 53 128 49 20 27 80 33 151 119 63 81 115 198 124 90 44 108 160 161 51 42 57 89 195 116 165
28 127 39 130 166 172 147 114 97 115 83 184 51 8 79
138 12 87 23 121 37 28 169 39 140 171 163 152 104 35 174 159 15 115 158 101 116 5 161 90 156 24 54 75 46 154 197 66 155 67 179 34 181 113 72 65 118 52 132 122 56 21 151 59 149 9 7 76 29 19 124 93 196 103 58 100 131 64 105 183 102 142 187 96 92 27 99 148 107 134 162 1 173 170 144 16 128 77 130 36 146 172 41 44 69 150 48 189 195 83 50 165 2 139 190 166 167 60 63 125 137 32 188 180 117 79 81 153
146 119 79 101 169 20 114 189 111 98 121 44 68 163 100 42 175 106 150 62 81 120 130 65 24 52 124 166 90 154 177
195 47 50 178 88 168 198 16 145 186 4 62 13 139 108 176 129 30 56 164 182 172 109 31 121 116 59 64 58 104 84 55 193 11
65 6 119 143 45 7 24 80 149 199 87 41 43 139 101 155 59 125 10 185 35 116 173 152 190 123 192 1 27 147 82 148 153 195 112 150 117 135 36 47 157 160 196 132 159 8 114 9 191 107 44 142 188 182 2 177 37 51 110 163 115 56 62 99 54 19 127 151 61 46 79 164 66 186 118 184 198 126 18 130 20 97 178 187 141 60 25 144 68 122 70 69 57 113 12 34 58 124 120 134 180 166 176 95 75 200 55 146 131 64 106 194 67 63 181 96 98
120 85 87 184 104 68 167 79 171 95 164 4 115 17 24 20 160 29 159 140 156 62 125 155 111 101 97 40 83 69 65 33 172 36 110 96 143 166 190 180 137 16 126 71 76 54 34 173 25 158 132 128 1 106 118 19 8 100 75 91 200 189 117 57 44 152 154 146 186 98 55 78 90 174 61 151 92 12 119 195 162 5 193 194 43 145 121 198 165 9 58 37 163 108 15 161 70 176 187 122 6 142 169 14 188 112 50 147 123 42 18 10 74 89
200 50 156 35 3 181 107 174 40 53 74 16 70 15 84 18 132 22 41 103 160 72 159 69 149 115 75 4 67 172 62 24 178 161 185 37 142 88 116 195 90 153 131 125 193 108 170 140 65 78
158 56 14 28 177 140 178 141 58 134 109 148 75 127 169 96 129 27 65 188 31 180 84 59 66 1 155 146 189 137 132 197 181 190 15 60 52 156 26 120 86 157 19 191 182 152 18 198 143 136 44 10 105 40 67 192 82 166 63 133 165 179 130 147 90 160 123 9 7 92 159 73 111 145 117 115 68 176 94 168 45 30 43 131 64 95 171 4 72 81 135 107 174 151 106 97 185 79 167 113 49 126 175 199 139 80 74 85 100 32 91 164 47 2 70 36 62 170 142 119 196 41 37 108 184 89 8 186 93 138
196 141 136 78 104 173 167 27 80 99 131 148 2 59 185 177 90 85 69 60 103 81 96 199 194 30 9 5 187 128 23 3 135 163 146 102 198 191 25 77 72 171 57 113 83 41 112 87 166 73 53 123 115 111 20 36 13 22 105 42 157 162 66 121 50 33 28 114 160 31 156 134 7 63 18 172 39 180 192 119 137 61 116 44 43 165 40 17 1 138 120 169 37 67 16 65 125 200 184 76 64 45 117 35 109 130 161 118 68 29 21 74 193 82 132 127 15 11 149 38 181 153 46 89 54 70
134 31 13 129 138 52 8 62 164 145 119 137 153 200 4 2 57 132 21 83 56 197 194 112 192 41 91 22 71 181 163 9 30 170 158 24 86 55 92 51 162 121 189 37 126 196 150 90 25 97 124 171 108 12 172 101 43 72 47 96 146 95 160 142 3 187 175 20 149 131 111 65 125 36 136 143 159 64 178 18 49 109 23 60 40 183 193 75 68 94 19 105 103 176 168
131 10 71 106 5 76 146 36 191 156 25 166 98 181 53 130 200 28 41 61 157 195 155 57 196 174 37 47 60 144 142 81 119 135 27 69 26 104 15 20 140 67 175 113 124 35 59 178 122 14 103 34 50 30 133 188 134
49 186 67 139 75 93 158 45 86 175 168 12 29 22 166 178 23 64 51 38 179 87 94 84 169 68 7 91 123 164 136 46 183 104 167 187 127 18 124 73 199 66 144 36 58 197 154 24 57 149 160 34 103 134 43 83 54 8 27 63 185 177 152 96 200 156 107 145 135 20 198 10 108 16 74 162 184 176 120 77 109 132 141 182 128 25 92 47 53 40 11 17 79 99 189 71 181 33 151 150 126 56 97 89 35 88 44 2 3 65 14 76 30 21 159 48 61 55 192 115
130 195 185 153 103 60 25 4 61 90 32 124 145 69 135 70 159 154 17 52 108 62 68 9 156 15 91 198 23 142 105 102 161 56 1 24 112 183 88 110 82 116 104 31 146 167 125 134 137 189 6 99 194 21 143
17 104 88 68 57 70 86 63 190 161 111 9 78 136 197 126 135 171 169 193 90 112 130 148 59 2 48 185 199 84 73 120 14 38 77 55 159 188 75 42 41 50 69 30 82 40 96 172 168 125 170 142 153 102 118 131 146 183 31 165 13 200 167 23 44 166 124 65 26 106 53 29 116 151 196 134 198 150 62 144 175 56 39 179 186 28 129 81 85 72 178 156 54 58 37 149 6 51 114 157 147 1 162 141 160 3 137 91 139 32 25 64 189 4 45 195 138 101 35
78 73 46 177 66 180 169 70 21 147 141 61 194 184 43 87 200 111 57 185 75 151 155 10 72 137 4 123 168 29 42 114 52 150 142 124 96 127 143 183 103 48 154 131
31 13 170 176 166 25 162 186 59 112 35 65 164 57 80 116 125 149 117 145 113 99 91 195 89 96 156 45 143 108 154
130 122 151 190 161 35 19 111 8 102 146 63 163 34 79 182 135 43 31 103 39 42 88 193 78 96 26 49 81 148 92 165 87 157 155 54 15 116 70 107 55 114 18 13 132 41 86 133 124 113 16 194 109 198 188 75 67 108 184 38 68 56 48 28 196 1 3 104 52 195 80 115 57 27 11 118 95 127 89
68 67 183 31 74 14 35 72 157 168 73 80 86 177 32 134 46 10 3 50 65 144 154 92 19 128 48 107 7 15 13 159 195 81 36 60 100 1 200 190 91 148 2
